451,1
19,118
39,31
609,1
147,5
71,14
369,1
641,1
307,1
171,3
11,354
235,1
1339,1
37,30
303,1
185,3
215,1
291,2
1,21179
247,1
63,14
623,1
17,160
535,1
443,1
755,1
605,1
447,1
211,3
299,1
217,1
21,91
139,3
331,1
577,1
77,13
403,1
355,1
131,8
59,12
411,1
293,1
93,7
2315,1
113,7
1425,1
731,1
1165,1
165,3
547,1
31,46
841,1
363,1
4481,1
381,2
3619,1
413,2
137,2
81,7
229,2
1553,1
8733,1
345,1
231,1
29,49
79,6
263,2
551,1
1935,1
127,1
161,4
275,1
57,13
149,1
375,2
827,1
83,8
919,1
9,477
49,15
109,6
167,1
519,1
115,2
337,1
15,192
95,5
329,1
589,1
73,8
181,2
227,2
571,1
237,2
317,2
259,1
141,3
143,2
221,3
7,712
223,1
1095,1
575,1
1057,1
817,1
101,7
267,1
491,1
153,2
193,2
2733,1
265,2
513,1
105,4
125,2
65,14
3225,1
35,39
383,2
111,5
611,1
683,1
459,1
157,1
175,3
279,1
89,6
1849,1
339,2
103,7
773,1
199,2
99,5
1705,1
657,1
145,1
41,27
253,3
169,4
53,14
395,1
261,1
25,72
333,1
1931,1
213,1
393,2
33,54
2495,1
23,95
705,1
69,13
67,7
3,2849
135,2
1927,1
85,7
425,1
123,6
91,4
87,7
287,1
5,1181
271,1
13,228
119,7
189,1
239,1
465,1
323,1
55,12
691,1
107,7
121,3
765,1
653,1
549,1
179,1
939,1
75,8
51,23
219,1
133,4
205,2
445,2
45,24
385,1
183,1
273,1
671,1
523,1
43,35
1135,1
159,1
61,15
687,1
47,21
301,1
97,7
281,1
117,5
27,90
521,1
245,2
163,1
377,2
573,1
1835,1
129,4
315,1
