1938,1
386,1
762,1
1260,1
2354,1
180,2
1434,1
320,1
130,1
66,14
408,1
2356,1
138,1
170,1
14,214
480,1
24,83
7412,1
530,1
302,1
146,3
140,3
2062,1
212,2
956,1
226,1
12,262
38,34
576,1
452,1
94,7
192,2
100,5
160,1
492,1
7200,1
112,6
954,1
1092,1
300,1
184,2
22,111
350,1
194,1
126,2
118,3
40,34
186,1
846,1
58,17
198,1
136,4
1250,1
658,1
168,2
636,1
388,2
254,1
96,5
7930,1
82,6
216,1
3390,1
28,50
292,2
98,5
5648,1
1296,1
30,46
814,1
92,3
344,1
110,4
336,1
214,2
106,4
664,1
16500,1
252,1
72,11
248,1
9298,1
78,15
144,3
942,1
494,1
178,1
218,1
84,12
122,5
404,2
56,20
76,9
326,1
182,4
430,1
208,2
32,55
1428,1
124,1
164,1
438,1
1578,1
8,579
3666,1
174,3
44,14
88,7
244,1
34,67
4,1750
526,1
502,1
150,2
134,1
3908,1
80,11
1048,1
838,1
104,5
152,7
368,1
272,1
270,1
202,2
998,1
236,1
74,12
316,1
90,5
238,1
3900,1
18,135
20,115
342,1
256,1
224,2
726,1
120,2
5334,1
2680,1
200,4
370,1
166,3
46,27
3226,1
142,2
584,1
608,1
220,1
62,25
172,3
678,1
264,2
190,1
444,1
304,1
6,927
496,1
378,1
662,1
60,21
114,4
86,10
516,1
328,1
26,62
2,5664
230,1
52,20
16,172
158,3
156,3
54,22
610,1
50,20
294,3
36,47
2406,1
64,18
188,1
416,1
154,3
380,1
132,2
290,1
716,1
70,11
364,1
3962,1
108,3
500,1
10,359
148,1
540,1
410,1
232,1
374,1
116,3
48,17
240,2
128,6
260,1
1460,1
446,1
42,22
102,5
700,1
642,1
542,1
598,1
826,1
356,1
68,9
348,1
778,1
